 >TARCEL: concentric ellipsoids; AX,AY,AZ= 20.0000 20.0000 20.0000 BX,BY,BZ= 10.0000 10.0000 10.0000
   1085   = NAT
   1.0000    .0000    .0000 = A_1 vector
    .0000   1.0000    .0000 = A_2 vector
 1.000000 1.000000 1.000000 = lattice spacings (d_x,d_y,d_z)/d
 0 0 0 = lattice offset x0(1-3) = (x_TF,y_TF,z_TF)/d for dipole 0 0 0
     JA  IX  IY  IZ ICOMP(x,y,z)
         1        -24        -27        -12          1          1          1
         2        -24        -27        -11          1          1          1
         3        -24        -26         -9          1          1          1
         4        -24        -25         -9          1          1          1
         5        -24        -25         -8          1          1          1
         6        -23        -28        -12          1          1          1
         7        -23        -28        -11          1          1          1
         8        -23        -27        -12          1          1          1
         9        -23        -27        -11          1          1          1
        10        -23        -27        -10          1          1          1
        11        -23        -27         -9          1          1          1
        12        -23        -26        -12          1          1          1
        13        -23        -26        -11          1          1          1
        14        -23        -26        -10          1          1          1
        15        -23        -26         -9          1          1          1
        16        -23        -26         -8          1          1          1
        17        -23        -25        -10          1          1          1
        18        -23        -25         -9          1          1          1
        19        -23        -25         -8          1          1          1
        20        -23        -24         -9          1          1          1
        21        -23        -24         -8          1          1          1
        22        -22        -28        -11          1          1          1
        23        -22        -27        -12          1          1          1
        24        -22        -27        -11          1          1          1
        25        -22        -27         -9          1          1          1
        26        -22        -26        -11          1          1          1
        27        -22        -26        -10          1          1          1
        28        -22        -26         -9          1          1          1
        29        -22        -26         -8          1          1          1
        30        -22        -25         -9          1          1          1
        31        -22        -25         -8          1          1          1
        32        -22        -25         -7          1          1          1
        33        -22        -24         -8          1          1          1
        34        -22        -24         -7          1          1          1
        35        -21        -27        -10          1          1          1
        36        -21        -27         -9          1          1          1
        37        -21        -27         -8          1          1          1
        38        -21        -26        -10          1          1          1
        39        -21        -26         -9          1          1          1
        40        -21        -26         -8          1          1          1
        41        -21        -26         -7          1          1          1
        42        -21        -25         -9          1          1          1
        43        -21        -25         -8          1          1          1
        44        -21        -25         -7          1          1          1
        45        -21        -24         -8          1          1          1
        46        -21        -24         -7          1          1          1
        47        -20        -27         -9          1          1          1
        48        -20        -26        -10          1          1          1
        49        -20        -26         -9          1          1          1
        50        -20        -26         -8          1          1          1
        51        -20        -25         -9          1          1          1
        52        -20        -25         -8          1          1          1
        53        -20        -25         -7          1          1          1
        54        -20        -24         -8          1          1          1
        55        -20        -24         -7          1          1          1
        56        -20        -24         -6          1          1          1
        57        -20        -23        -10          1          1          1
        58        -20         -7         10          1          1          1
        59        -20         -7         11          1          1          1
        60        -20         -6         10          1          1          1
        61        -20         -6         11          1          1          1
        62        -19        -25         -8          1          1          1
        63        -19        -25         -7          1          1          1
        64        -19        -25         -6          1          1          1
        65        -19        -24        -11          1          1          1
        66        -19        -24        -10          1          1          1
        67        -19        -24         -8          1          1          1
        68        -19        -24         -7          1          1          1
        69        -19        -24         -6          1          1          1
        70        -19        -23        -11          1          1          1
        71        -19        -23        -10          1          1          1
        72        -19        -23         -9          1          1          1
        73        -19        -23         -7          1          1          1
        74        -19        -22        -11          1          1          1
        75        -19        -22        -10          1          1          1
        76        -19        -12        -17          1          1          1
        77        -19        -12        -16          1          1          1
        78        -19        -11        -17          1          1          1
        79        -19        -11        -16          1          1          1
        80        -19         -8         10          1          1          1
        81        -19         -8         11          1          1          1
        82        -19         -7         -6          1          1          1
        83        -19         -7         10          1          1          1
        84        -19         -7         11          1          1          1
        85        -19         -7         12          1          1          1
        86        -19         -6        -19          1          1          1
        87        -19         -6         -6          1          1          1
        88        -19         -6         -5          1          1          1
        89        -19         -6         10          1          1          1
        90        -19         -6         11          1          1          1
        91        -19         -5        -19          1          1          1
        92        -19         -5         -6          1          1          1
        93        -18        -25         -7          1          1          1
        94        -18        -24        -13          1          1          1
        95        -18        -24        -12          1          1          1
        96        -18        -24        -11          1          1          1
        97        -18        -24        -10          1          1          1
        98        -18        -24         -8          1          1          1
        99        -18        -24         -7          1          1          1
       100        -18        -24         -6          1          1          1
       101        -18        -23        -14          1          1          1
       102        -18        -23        -13          1          1          1
       103        -18        -23        -12          1          1          1
       104        -18        -23        -11          1          1          1
       105        -18        -23        -10          1          1          1
       106        -18        -23         -9          1          1          1
       107        -18        -23         -8          1          1          1
       108        -18        -23         -7          1          1          1
       109        -18        -22        -13          1          1          1
       110        -18        -22        -12          1          1          1
       111        -18        -22        -11          1          1          1
       112        -18        -22        -10          1          1          1
       113        -18        -21        -12          1          1          1
       114        -18        -21        -11          1          1          1
       115        -18        -21        -10          1          1          1
       116        -18        -20        -12          1          1          1
       117        -18        -20        -11          1          1          1
       118        -18        -20        -10          1          1          1
       119        -18        -19        -11          1          1          1
       120        -18        -12        -17          1          1          1
       121        -18        -12        -16          1          1          1
       122        -18        -11        -17          1          1          1
       123        -18        -11        -16          1          1          1
       124        -18        -11        -14          1          1          1
       125        -18        -11        -13          1          1          1
       126        -18        -10        -14          1          1          1
       127        -18        -10        -13          1          1          1
       128        -18         -8        -19          1          1          1
       129        -18         -8         11          1          1          1
       130        -18         -7        -19          1          1          1
       131        -18         -7         -6          1          1          1
       132        -18         -7         -5          1          1          1
       133        -18         -7         10          1          1          1
       134        -18         -7         11          1          1          1
       135        -18         -6        -20          1          1          1
       136        -18         -6        -19          1          1          1
       137        -18         -6        -18          1          1          1
       138        -18         -6         -7          1          1          1
       139        -18         -6         -6          1          1          1
       140        -18         -6         -5          1          1          1
       141        -18         -6         10          1          1          1
       142        -18         -6         11          1          1          1
       143        -18         -5        -20          1          1          1
       144        -18         -5        -19          1          1          1
       145        -18         -5        -18          1          1          1
       146        -18         -5         -6          1          1          1
       147        -18         -5         -5          1          1          1
       148        -18         -4        -20          1          1          1
       149        -18         -4        -19          1          1          1
       150        -18         -3         -4          1          1          1
       151        -17        -25         -7          1          1          1
       152        -17        -24        -13          1          1          1
       153        -17        -24        -12          1          1          1
       154        -17        -24        -11          1          1          1
       155        -17        -24        -10          1          1          1
       156        -17        -24         -9          1          1          1
       157        -17        -24         -8          1          1          1
       158        -17        -24         -7          1          1          1
       159        -17        -23        -14          1          1          1
       160        -17        -23        -13          1          1          1
       161        -17        -23        -12          1          1          1
       162        -17        -23        -11          1          1          1
       163        -17        -23        -10          1          1          1
       164        -17        -23         -9          1          1          1
       165        -17        -23         -8          1          1          1
       166        -17        -23         -7          1          1          1
       167        -17        -22        -13          1          1          1
       168        -17        -22        -12          1          1          1
       169        -17        -22        -11          1          1          1
       170        -17        -22        -10          1          1          1
       171        -17        -21        -12          1          1          1
       172        -17        -21        -11          1          1          1
       173        -17        -21        -10          1          1          1
       174        -17        -20        -12          1          1          1
       175        -17        -20        -11          1          1          1
       176        -17        -20        -10          1          1          1
       177        -17        -19        -11          1          1          1
       178        -17        -19        -10          1          1          1
       179        -17        -18        -12          1          1          1
       180        -17        -18        -11          1          1          1
       181        -17        -18        -10          1          1          1
       182        -17        -17        -12          1          1          1
       183        -17        -17        -11          1          1          1
       184        -17        -17        -10          1          1          1
       185        -17        -16        -11          1          1          1
       186        -17        -15        -12          1          1          1
       187        -17        -15        -11          1          1          1
       188        -17        -15        -10          1          1          1
       189        -17        -14        -12          1          1          1
       190        -17        -14        -11          1          1          1
       191        -17        -14        -10          1          1          1
       192        -17        -13        -17          1          1          1
       193        -17        -13        -12          1          1          1
       194        -17        -13        -11          1          1          1
       195        -17        -12        -18          1          1          1
       196        -17        -12        -17          1          1          1
       197        -17        -12        -16          1          1          1
       198        -17        -12        -13          1          1          1
       199        -17        -12        -12          1          1          1
       200        -17        -11        -18          1          1          1
       201        -17        -11        -17          1          1          1
       202        -17        -11        -16          1          1          1
       203        -17        -11        -14          1          1          1
       204        -17        -11        -13          1          1          1
       205        -17        -11        -12          1          1          1
       206        -17        -10        -17          1          1          1
       207        -17        -10        -14          1          1          1
       208        -17        -10        -13          1          1          1
       209        -17        -10        -12          1          1          1
       210        -17         -9        -19          1          1          1
       211        -17         -9        -18          1          1          1
       212        -17         -9         -9          1          1          1
       213        -17         -9         -8          1          1          1
       214        -17         -8        -20          1          1          1
       215        -17         -8        -19          1          1          1
       216        -17         -8        -18          1          1          1
       217        -17         -8         -5          1          1          1
       218        -17         -8         -4          1          1          1
       219        -17         -7        -19          1          1          1
       220        -17         -7         -5          1          1          1
       221        -17         -7         -4          1          1          1
       222        -17         -7         11          1          1          1
       223        -17         -6        -20          1          1          1
       224        -17         -6        -19          1          1          1
       225        -17         -6        -18          1          1          1
       226        -17         -6         -6          1          1          1
       227        -17         -6         -5          1          1          1
       228        -17         -6          5          1          1          1
       229        -17         -6          6          1          1          1
       230        -17         -6          7          1          1          1
       231        -17         -6          8          1          1          1
       232        -17         -6         10          1          1          1
       233        -17         -6         11          1          1          1
       234        -17         -6         12          1          1          1
       235        -17         -5        -21          1          1          1
       236        -17         -5        -20          1          1          1
       237        -17         -5        -19          1          1          1
       238        -17         -5        -18          1          1          1
       239        -17         -5         -6          1          1          1
       240        -17         -5         -5          1          1          1
       241        -17         -5          5          1          1          1
       242        -17         -5          6          1          1          1
       243        -17         -5          7          1          1          1
       244        -17         -5          8          1          1          1
       245        -17         -5          9          1          1          1
       246        -17         -5         10          1          1          1
       247        -17         -5         11          1          1          1
       248        -17         -4        -21          1          1          1
       249        -17         -4        -20          1          1          1
       250        -17         -4        -19          1          1          1
       251        -17         -4         -5          1          1          1
       252        -17         -4         -4          1          1          1
       253        -17         -4          6          1          1          1
       254        -17         -4          7          1          1          1
       255        -17         -4          8          1          1          1
       256        -17         -4          9          1          1          1
       257        -17         -4         10          1          1          1
       258        -17         -3        -20          1          1          1
       259        -17         -3         -5          1          1          1
       260        -17         -3         -4          1          1          1
       261        -17         -3         -3          1          1          1
       262        -17         -3          6          1          1          1
       263        -17         -3          7          1          1          1
       264        -17         -3          8          1          1          1
       265        -17         -3          9          1          1          1
       266        -17         -2         -6          1          1          1
       267        -17         -2         -4          1          1          1
       268        -17         -2          6          1          1          1
       269        -17         -2          7          1          1          1
       270        -17         -1         -7          1          1          1
       271        -17         -1         -6          1          1          1
       272        -17          0         -6          1          1          1
       273        -16        -23        -13          1          1          1
       274        -16        -23        -12          1          1          1
       275        -16        -23        -11          1          1          1
       276        -16        -23        -10          1          1          1
       277        -16        -22        -12          1          1          1
       278        -16        -22        -11          1          1          1
       279        -16        -22        -10          1          1          1
       280        -16        -21        -11          1          1          1
       281        -16        -21        -10          1          1          1
       282        -16        -20        -12          1          1          1
       283        -16        -20        -11          1          1          1
       284        -16        -20        -10          1          1          1
       285        -16        -19        -11          1          1          1
       286        -16        -19        -10          1          1          1
       287        -16        -18        -12          1          1          1
       288        -16        -18        -11          1          1          1
       289        -16        -18        -10          1          1          1
       290        -16        -17        -12          1          1          1
       291        -16        -17        -11          1          1          1
       292        -16        -17        -10          1          1          1
       293        -16        -15        -12          1          1          1
       294        -16        -15        -11          1          1          1
       295        -16        -14        -12          1          1          1
       296        -16        -14        -11          1          1          1
       297        -16        -14        -10          1          1          1
       298        -16        -13        -13          1          1          1
       299        -16        -13        -12          1          1          1
       300        -16        -13        -11          1          1          1
       301        -16        -12        -17          1          1          1
       302        -16        -12        -16          1          1          1
       303        -16        -12        -13          1          1          1
       304        -16        -12        -12          1          1          1
       305        -16        -12        -11          1          1          1
       306        -16        -11        -17          1          1          1
       307        -16        -11        -16          1          1          1
       308        -16        -11        -14          1          1          1
       309        -16        -11        -13          1          1          1
       310        -16        -11        -12          1          1          1
       311        -16        -10        -17          1          1          1
       312        -16        -10        -16          1          1          1
       313        -16        -10        -14          1          1          1
       314        -16        -10        -13          1          1          1
       315        -16        -10        -12          1          1          1
       316        -16        -10         -9          1          1          1
       317        -16        -10         -8          1          1          1
       318        -16        -10         -5          1          1          1
       319        -16        -10         20          1          1          1
       320        -16         -9        -19          1          1          1
       321        -16         -9        -13          1          1          1
       322        -16         -9        -12          1          1          1
       323        -16         -9        -11          1          1          1
       324        -16         -9        -10          1          1          1
       325        -16         -9         -9          1          1          1
       326        -16         -9         -8          1          1          1
       327        -16         -9         -6          1          1          1
       328        -16         -9         -5          1          1          1
       329        -16         -9         -4          1          1          1
       330        -16         -8        -19          1          1          1
       331        -16         -8        -18          1          1          1
       332        -16         -8        -12          1          1          1
       333        -16         -8        -11          1          1          1
       334        -16         -8        -10          1          1          1
       335        -16         -8         -9          1          1          1
       336        -16         -8         -8          1          1          1
       337        -16         -8         -5          1          1          1
       338        -16         -8         -4          1          1          1
       339        -16         -7        -12          1          1          1
       340        -16         -7        -11          1          1          1
       341        -16         -7         -5          1          1          1
       342        -16         -7         -4          1          1          1
       343        -16         -7          8          1          1          1
       344        -16         -7         11          1          1          1
       345        -16         -7         19          1          1          1
       346        -16         -6         -6          1          1          1
       347        -16         -6         -5          1          1          1
       348        -16         -6         -4          1          1          1
       349        -16         -6          5          1          1          1
       350        -16         -6          6          1          1          1
       351        -16         -6          7          1          1          1
       352        -16         -6          8          1          1          1
       353        -16         -6         10          1          1          1
       354        -16         -6         11          1          1          1
       355        -16         -6         12          1          1          1
       356        -16         -6         25          1          1          1
       357        -16         -5        -20          1          1          1
       358        -16         -5        -19          1          1          1
       359        -16         -5         -6          1          1          1
       360        -16         -5         -5          1          1          1
       361        -16         -5         -4          1          1          1
       362        -16         -5          5          1          1          1
       363        -16         -5          6          1          1          1
       364        -16         -5          7          1          1          1
       365        -16         -5          8          1          1          1
       366        -16         -5          9          1          1          1
       367        -16         -5         10          1          1          1
       368        -16         -5         11          1          1          1
       369        -16         -5         12          1          1          1
       370        -16         -4        -20          1          1          1
       371        -16         -4        -19          1          1          1
       372        -16         -4         -5          1          1          1
       373        -16         -4         -4          1          1          1
       374        -16         -4          6          1          1          1
       375        -16         -4          7          1          1          1
       376        -16         -4          8          1          1          1
       377        -16         -4          9          1          1          1
       378        -16         -4         10          1          1          1
       379        -16         -3         -6          1          1          1
       380        -16         -3         -5          1          1          1
       381        -16         -3         -4          1          1          1
       382        -16         -3          6          1          1          1
       383        -16         -3          7          1          1          1
       384        -16         -3          8          1          1          1
       385        -16         -3          9          1          1          1
       386        -16         -2         -7          1          1          1
       387        -16         -2         -6          1          1          1
       388        -16         -2         -5          1          1          1
       389        -16         -2          6          1          1          1
       390        -16         -2          7          1          1          1
       391        -16         -1         -7          1          1          1
       392        -16         -1         -6          1          1          1
       393        -16         -1         -5          1          1          1
       394        -16          0         -7          1          1          1
       395        -16          0         -6          1          1          1
       396        -15        -23        -12          1          1          1
       397        -15        -23        -11          1          1          1
       398        -15        -23        -10          1          1          1
       399        -15        -22        -12          1          1          1
       400        -15        -22        -11          1          1          1
       401        -15        -20        -11          1          1          1
       402        -15        -20        -10          1          1          1
       403        -15        -19        -11          1          1          1
       404        -15        -19        -10          1          1          1
       405        -15        -18        -11          1          1          1
       406        -15        -15          1          1          1          1
       407        -15        -15          2          1          1          1
       408        -15        -14        -12          1          1          1
       409        -15        -14        -11          1          1          1
       410        -15        -13        -12          1          1          1
       411        -15        -13        -11          1          1          1
       412        -15        -13         -1          1          1          1
       413        -15        -12        -30          1          1          1
       414        -15        -12        -13          1          1          1
       415        -15        -12        -12          1          1          1
       416        -15        -12        -11          1          1          1
       417        -15        -12         -1          1          1          1
       418        -15        -12          2          1          1          1
       419        -15        -11        -29          1          1          1
       420        -15        -11        -17          1          1          1
       421        -15        -11        -16          1          1          1
       422        -15        -11        -13          1          1          1
       423        -15        -11        -12          1          1          1
       424        -15        -11         -1          1          1          1
       425        -15        -11          0          1          1          1
       426        -15        -11         19          1          1          1
       427        -15        -11         20          1          1          1
       428        -15        -11         21          1          1          1
       429        -15        -10        -29          1          1          1
       430        -15        -10        -18          1          1          1
       431        -15        -10        -17          1          1          1
       432        -15        -10        -16          1          1          1
       433        -15        -10        -13          1          1          1
       434        -15        -10        -12          1          1          1
       435        -15        -10         -9          1          1          1
       436        -15        -10         -8          1          1          1
       437        -15        -10         -6          1          1          1
       438        -15        -10         -5          1          1          1
       439        -15        -10         -4          1          1          1
       440        -15        -10         19          1          1          1
       441        -15        -10         20          1          1          1
       442        -15        -10         21          1          1          1
       443        -15         -9        -17          1          1          1
       444        -15         -9        -16          1          1          1
       445        -15         -9        -12          1          1          1
       446        -15         -9        -11          1          1          1
       447        -15         -9         -9          1          1          1
       448        -15         -9         -8          1          1          1
       449        -15         -9         -7          1          1          1
       450        -15         -9         -6          1          1          1
       451        -15         -9         -5          1          1          1
       452        -15         -9         19          1          1          1
       453        -15         -9         20          1          1          1
       454        -15         -8        -12          1          1          1
       455        -15         -8        -11          1          1          1
       456        -15         -8        -10          1          1          1
       457        -15         -8         -6          1          1          1
       458        -15         -8         -5          1          1          1
       459        -15         -8         -4          1          1          1
       460        -15         -8          8          1          1          1
       461        -15         -8          9          1          1          1
       462        -15         -8         19          1          1          1
       463        -15         -7        -12          1          1          1
       464        -15         -7        -11          1          1          1
       465        -15         -7         -5          1          1          1
       466        -15         -7         -4          1          1          1
       467        -15         -7          6          1          1          1
       468        -15         -7          7          1          1          1
       469        -15         -7          8          1          1          1
       470        -15         -7          9          1          1          1
       471        -15         -7         18          1          1          1
       472        -15         -7         19          1          1          1
       473        -15         -7         20          1          1          1
       474        -15         -7         22          1          1          1
       475        -15         -7         23          1          1          1
       476        -15         -7         24          1          1          1
       477        -15         -7         25          1          1          1
       478        -15         -6         -6          1          1          1
       479        -15         -6         -5          1          1          1
       480        -15         -6         -4          1          1          1
       481        -15         -6          5          1          1          1
       482        -15         -6          6          1          1          1
       483        -15         -6          7          1          1          1
       484        -15         -6          8          1          1          1
       485        -15         -6          9          1          1          1
       486        -15         -6         11          1          1          1
       487        -15         -6         12          1          1          1
       488        -15         -6         14          1          1          1
       489        -15         -6         19          1          1          1
       490        -15         -6         20          1          1          1
       491        -15         -6         22          1          1          1
       492        -15         -6         23          1          1          1
       493        -15         -6         24          1          1          1
       494        -15         -6         25          1          1          1
       495        -15         -6         26          1          1          1
       496        -15         -5         -6          1          1          1
       497        -15         -5         -5          1          1          1
       498        -15         -5         -4          1          1          1
       499        -15         -5          5          1          1          1
       500        -15         -5          6          1          1          1
       501        -15         -5          7          1          1          1
       502        -15         -5          8          1          1          1
       503        -15         -5          9          1          1          1
       504        -15         -5         11          1          1          1
       505        -15         -5         12          1          1          1
       506        -15         -5         13          1          1          1
       507        -15         -5         14          1          1          1
       508        -15         -5         15          1          1          1
       509        -15         -5         21          1          1          1
       510        -15         -5         22          1          1          1
       511        -15         -5         24          1          1          1
       512        -15         -5         25          1          1          1
       513        -15         -4         -6          1          1          1
       514        -15         -4         -5          1          1          1
       515        -15         -4          7          1          1          1
       516        -15         -4          8          1          1          1
       517        -15         -4          9          1          1          1
       518        -15         -4         14          1          1          1
       519        -15         -4         21          1          1          1
       520        -15         -3         -6          1          1          1
       521        -15         -3         -5          1          1          1
       522        -15         -2         -6          1          1          1
       523        -15         -2         -5          1          1          1
       524        -15         -1         -7          1          1          1
       525        -15         -1         -6          1          1          1
       526        -15          0         -6          1          1          1
       527        -14        -25         -9          1          1          1
       528        -14        -24        -11          1          1          1
       529        -14        -24        -10          1          1          1
       530        -14        -24         -9          1          1          1
       531        -14        -24         -8          1          1          1
       532        -14        -23        -12          1          1          1
       533        -14        -23        -11          1          1          1
       534        -14        -23        -10          1          1          1
       535        -14        -23         -9          1          1          1
       536        -14        -23         -8          1          1          1
       537        -14        -22        -12          1          1          1
       538        -14        -22        -11          1          1          1
       539        -14        -22        -10          1          1          1
       540        -14        -16          1          1          1          1
       541        -14        -16          2          1          1          1
       542        -14        -15          0          1          1          1
       543        -14        -15          1          1          1          1
       544        -14        -15          2          1          1          1
       545        -14        -14        -27          1          1          1
       546        -14        -14        -26          1          1          1
       547        -14        -14         -1          1          1          1
       548        -14        -14          0          1          1          1
       549        -14        -14          1          1          1          1
       550        -14        -14          2          1          1          1
       551        -14        -13        -31          1          1          1
       552        -14        -13        -30          1          1          1
       553        -14        -13        -29          1          1          1
       554        -14        -13        -27          1          1          1
       555        -14        -13        -26          1          1          1
       556        -14        -13        -12          1          1          1
       557        -14        -13        -11          1          1          1
       558        -14        -13         -2          1          1          1
       559        -14        -13         -1          1          1          1
       560        -14        -13          0          1          1          1
       561        -14        -13          2          1          1          1
       562        -14        -13          3          1          1          1
       563        -14        -12        -31          1          1          1
       564        -14        -12        -30          1          1          1
       565        -14        -12        -29          1          1          1
       566        -14        -12        -20          1          1          1
       567        -14        -12        -12          1          1          1
       568        -14        -12        -11          1          1          1
       569        -14        -12         -2          1          1          1
       570        -14        -12         -1          1          1          1
       571        -14        -12          0          1          1          1
       572        -14        -12          1          1          1          1
       573        -14        -12          2          1          1          1
       574        -14        -12          3          1          1          1
       575        -14        -11        -30          1          1          1
       576        -14        -11        -29          1          1          1
       577        -14        -11        -28          1          1          1
       578        -14        -11        -20          1          1          1
       579        -14        -11        -12          1          1          1
       580        -14        -11        -11          1          1          1
       581        -14        -11         -2          1          1          1
       582        -14        -11         -1          1          1          1
       583        -14        -11          0          1          1          1
       584        -14        -11          1          1          1          1
       585        -14        -11          2          1          1          1
       586        -14        -11         19          1          1          1
       587        -14        -11         20          1          1          1
       588        -14        -11         21          1          1          1
       589        -14        -10        -30          1          1          1
       590        -14        -10        -29          1          1          1
       591        -14        -10        -28          1          1          1
       592        -14        -10        -21          1          1          1
       593        -14        -10        -20          1          1          1
       594        -14        -10        -17          1          1          1
       595        -14        -10        -16          1          1          1
       596        -14        -10        -12          1          1          1
       597        -14        -10        -11          1          1          1
       598        -14        -10        -10          1          1          1
       599        -14        -10         -6          1          1          1
       600        -14        -10         -5          1          1          1
       601        -14        -10         -3          1          1          1
       602        -14        -10         -2          1          1          1
       603        -14        -10         -1          1          1          1
       604        -14        -10          0          1          1          1
       605        -14        -10         19          1          1          1
       606        -14        -10         20          1          1          1
       607        -14        -10         21          1          1          1
       608        -14         -9        -17          1          1          1
       609        -14         -9         -7          1          1          1
       610        -14         -9         -6          1          1          1
       611        -14         -9         -5          1          1          1
       612        -14         -9         -4          1          1          1
       613        -14         -9         -3          1          1          1
       614        -14         -9         -2          1          1          1
       615        -14         -9          9          1          1          1
       616        -14         -9         19          1          1          1
       617        -14         -9         20          1          1          1
       618        -14         -8         -7          1          1          1
       619        -14         -8         -6          1          1          1
       620        -14         -8         -5          1          1          1
       621        -14         -8         -4          1          1          1
       622        -14         -8          8          1          1          1
       623        -14         -8          9          1          1          1
       624        -14         -8         10          1          1          1
       625        -14         -8         19          1          1          1
       626        -14         -7         -6          1          1          1
       627        -14         -7         -5          1          1          1
       628        -14         -7         -4          1          1          1
       629        -14         -7          6          1          1          1
       630        -14         -7          7          1          1          1
       631        -14         -7          8          1          1          1
       632        -14         -7          9          1          1          1
       633        -14         -7         18          1          1          1
       634        -14         -7         19          1          1          1
       635        -14         -7         20          1          1          1
       636        -14         -7         22          1          1          1
       637        -14         -7         23          1          1          1
       638        -14         -6         -5          1          1          1
       639        -14         -6         -4          1          1          1
       640        -14         -6          5          1          1          1
       641        -14         -6          6          1          1          1
       642        -14         -6          7          1          1          1
       643        -14         -6          8          1          1          1
       644        -14         -6          9          1          1          1
       645        -14         -6         14          1          1          1
       646        -14         -6         15          1          1          1
       647        -14         -6         16          1          1          1
       648        -14         -6         17          1          1          1
       649        -14         -6         19          1          1          1
       650        -14         -6         21          1          1          1
       651        -14         -6         22          1          1          1
       652        -14         -6         23          1          1          1
       653        -14         -6         24          1          1          1
       654        -14         -6         25          1          1          1
       655        -14         -5         -6          1          1          1
       656        -14         -5         -5          1          1          1
       657        -14         -5          6          1          1          1
       658        -14         -5          7          1          1          1
       659        -14         -5          8          1          1          1
       660        -14         -5          9          1          1          1
       661        -14         -5         13          1          1          1
       662        -14         -5         14          1          1          1
       663        -14         -5         15          1          1          1
       664        -14         -5         16          1          1          1
       665        -14         -5         18          1          1          1
       666        -14         -5         19          1          1          1
       667        -14         -5         20          1          1          1
       668        -14         -5         21          1          1          1
       669        -14         -5         22          1          1          1
       670        -14         -5         23          1          1          1
       671        -14         -5         24          1          1          1
       672        -14         -5         25          1          1          1
       673        -14         -4          8          1          1          1
       674        -14         -4         14          1          1          1
       675        -14         -4         15          1          1          1
       676        -14         -4         19          1          1          1
       677        -14         -4         20          1          1          1
       678        -14         -4         21          1          1          1
       679        -14         -4         22          1          1          1
       680        -14         -4         23          1          1          1
       681        -14         -4         24          1          1          1
       682        -14         -4         25          1          1          1
       683        -13        -24        -10          1          1          1
       684        -13        -24         -9          1          1          1
       685        -13        -24         -8          1          1          1
       686        -13        -23        -12          1          1          1
       687        -13        -23        -11          1          1          1
       688        -13        -23        -10          1          1          1
       689        -13        -23         -9          1          1          1
       690        -13        -22        -11          1          1          1
       691        -13        -15          1          1          1          1
       692        -13        -15          2          1          1          1
       693        -13        -14        -27          1          1          1
       694        -13        -14        -26          1          1          1
       695        -13        -14        -15          1          1          1
       696        -13        -14        -14          1          1          1
       697        -13        -14         -2          1          1          1
       698        -13        -14         -1          1          1          1
       699        -13        -14          0          1          1          1
       700        -13        -14          1          1          1          1
       701        -13        -14          2          1          1          1
       702        -13        -13        -30          1          1          1
       703        -13        -13        -27          1          1          1
       704        -13        -13        -26          1          1          1
       705        -13        -13        -20          1          1          1
       706        -13        -13        -19          1          1          1
       707        -13        -13        -15          1          1          1
       708        -13        -13        -14          1          1          1
       709        -13        -13        -13          1          1          1
       710        -13        -13        -12          1          1          1
       711        -13        -13        -11          1          1          1
       712        -13        -13         -2          1          1          1
       713        -13        -13         -1          1          1          1
       714        -13        -13          0          1          1          1
       715        -13        -13          2          1          1          1
       716        -13        -13          3          1          1          1
       717        -13        -12        -30          1          1          1
       718        -13        -12        -29          1          1          1
       719        -13        -12        -20          1          1          1
       720        -13        -12        -19          1          1          1
       721        -13        -12        -14          1          1          1
       722        -13        -12        -13          1          1          1
       723        -13        -12        -12          1          1          1
       724        -13        -12        -11          1          1          1
       725        -13        -12         -1          1          1          1
       726        -13        -12          0          1          1          1
       727        -13        -12          1          1          1          1
       728        -13        -12          2          1          1          1
       729        -13        -12          3          1          1          1
       730        -13        -11        -30          1          1          1
       731        -13        -11        -29          1          1          1
       732        -13        -11        -28          1          1          1
       733        -13        -11        -27          1          1          1
       734        -13        -11        -24          1          1          1
       735        -13        -11        -23          1          1          1
       736        -13        -11        -21          1          1          1
       737        -13        -11        -20          1          1          1
       738        -13        -11        -19          1          1          1
       739        -13        -11        -17          1          1          1
       740        -13        -11        -12          1          1          1
       741        -13        -11        -11          1          1          1
       742        -13        -11        -10          1          1          1
       743        -13        -11         -2          1          1          1
       744        -13        -11         -1          1          1          1
       745        -13        -11          0          1          1          1
       746        -13        -10        -29          1          1          1
       747        -13        -10        -28          1          1          1
       748        -13        -10        -27          1          1          1
       749        -13        -10        -24          1          1          1
       750        -13        -10        -23          1          1          1
       751        -13        -10        -21          1          1          1
       752        -13        -10        -20          1          1          1
       753        -13        -10        -19          1          1          1
       754        -13        -10        -18          1          1          1
       755        -13        -10        -17          1          1          1
       756        -13        -10        -12          1          1          1
       757        -13        -10        -11          1          1          1
       758        -13        -10        -10          1          1          1
       759        -13        -10         -3          1          1          1
       760        -13        -10         -2          1          1          1
       761        -13        -10         -1          1          1          1
       762        -13        -10          0          1          1          1
       763        -13        -10         19          1          1          1
       764        -13        -10         20          1          1          1
       765        -13         -9        -27          1          1          1
       766        -13         -9        -25          1          1          1
       767        -13         -9        -24          1          1          1
       768        -13         -9        -23          1          1          1
       769        -13         -9        -20          1          1          1
       770        -13         -9        -17          1          1          1
       771        -13         -9         -7          1          1          1
       772        -13         -9         -6          1          1          1
       773        -13         -9         -3          1          1          1
       774        -13         -9         -2          1          1          1
       775        -13         -9         -1          1          1          1
       776        -13         -9          0          1          1          1
       777        -13         -9          9          1          1          1
       778        -13         -9         10          1          1          1
       779        -13         -9         19          1          1          1
       780        -13         -9         20          1          1          1
       781        -13         -8         -7          1          1          1
       782        -13         -8         -6          1          1          1
       783        -13         -8         -5          1          1          1
       784        -13         -8          8          1          1          1
       785        -13         -8          9          1          1          1
       786        -13         -8         10          1          1          1
       787        -13         -7         -5          1          1          1
       788        -13         -7         -4          1          1          1
       789        -13         -7          5          1          1          1
       790        -13         -7          6          1          1          1
       791        -13         -7          7          1          1          1
       792        -13         -7          8          1          1          1
       793        -13         -7          9          1          1          1
       794        -13         -7         10          1          1          1
       795        -13         -6          5          1          1          1
       796        -13         -6          6          1          1          1
       797        -13         -6          7          1          1          1
       798        -13         -6          8          1          1          1
       799        -13         -6          9          1          1          1
       800        -13         -6         15          1          1          1
       801        -13         -6         16          1          1          1
       802        -13         -6         17          1          1          1
       803        -13         -6         21          1          1          1
       804        -13         -5         14          1          1          1
       805        -13         -5         15          1          1          1
       806        -13         -5         16          1          1          1
       807        -13         -5         17          1          1          1
       808        -13         -5         18          1          1          1
       809        -13         -5         19          1          1          1
       810        -13         -5         20          1          1          1
       811        -13         -5         21          1          1          1
       812        -13         -5         22          1          1          1
       813        -13         -5         23          1          1          1
       814        -13         -5         24          1          1          1
       815        -13         -5         25          1          1          1
       816        -13         -4         18          1          1          1
       817        -13         -4         19          1          1          1
       818        -13         -4         20          1          1          1
       819        -13         -4         21          1          1          1
       820        -13         -4         22          1          1          1
       821        -13         -4         24          1          1          1
       822        -13         -3         19          1          1          1
       823        -12        -15        -15          1          1          1
       824        -12        -15        -14          1          1          1
       825        -12        -14        -15          1          1          1
       826        -12        -14        -14          1          1          1
       827        -12        -14         -2          1          1          1
       828        -12        -14         -1          1          1          1
       829        -12        -13        -27          1          1          1
       830        -12        -13        -26          1          1          1
       831        -12        -13        -25          1          1          1
       832        -12        -13        -24          1          1          1
       833        -12        -13        -20          1          1          1
       834        -12        -13        -15          1          1          1
       835        -12        -13        -14          1          1          1
       836        -12        -13        -13          1          1          1
       837        -12        -13        -12          1          1          1
       838        -12        -13         -2          1          1          1
       839        -12        -13         -1          1          1          1
       840        -12        -13          0          1          1          1
       841        -12        -12        -25          1          1          1
       842        -12        -12        -24          1          1          1
       843        -12        -12        -23          1          1          1
       844        -12        -12        -20          1          1          1
       845        -12        -12        -19          1          1          1
       846        -12        -12        -14          1          1          1
       847        -12        -12        -13          1          1          1
       848        -12        -12        -12          1          1          1
       849        -12        -12         -1          1          1          1
       850        -12        -12          0          1          1          1
       851        -12        -11        -28          1          1          1
       852        -12        -11        -27          1          1          1
       853        -12        -11        -24          1          1          1
       854        -12        -11        -23          1          1          1
       855        -12        -11        -20          1          1          1
       856        -12        -11        -18          1          1          1
       857        -12        -11        -17          1          1          1
       858        -12        -11        -13          1          1          1
       859        -12        -11         -1          1          1          1
       860        -12        -11          0          1          1          1
       861        -12        -11          3          1          1          1
       862        -12        -11          4          1          1          1
       863        -12        -10        -28          1          1          1
       864        -12        -10        -27          1          1          1
       865        -12        -10        -25          1          1          1
       866        -12        -10        -24          1          1          1
       867        -12        -10        -23          1          1          1
       868        -12        -10        -20          1          1          1
       869        -12        -10        -18          1          1          1
       870        -12        -10        -17          1          1          1
       871        -12        -10        -16          1          1          1
       872        -12        -10        -11          1          1          1
       873        -12        -10         -2          1          1          1
       874        -12        -10         -1          1          1          1
       875        -12        -10          0          1          1          1
       876        -12        -10          4          1          1          1
       877        -12         -9        -28          1          1          1
       878        -12         -9        -27          1          1          1
       879        -12         -9        -25          1          1          1
       880        -12         -9        -24          1          1          1
       881        -12         -9        -23          1          1          1
       882        -12         -9        -18          1          1          1
       883        -12         -9        -17          1          1          1
       884        -12         -9         -1          1          1          1
       885        -12         -9         10          1          1          1
       886        -12         -6         16          1          1          1
       887        -12         -6         17          1          1          1
       888        -12         -5         16          1          1          1
       889        -12         -5         19          1          1          1
       890        -12         -5         20          1          1          1
       891        -12         -5         21          1          1          1
       892        -12         -4         19          1          1          1
       893        -12         -4         20          1          1          1
       894        -12         -4         21          1          1          1
       895        -12         -2         -7          1          1          1
       896        -12         -2         -6          1          1          1
       897        -12         -1         -7          1          1          1
       898        -12         -1         -6          1          1          1
       899        -12         -1         -5          1          1          1
       900        -12          0         -7          1          1          1
       901        -12          0         -6          1          1          1
       902        -11        -14        -15          1          1          1
       903        -11        -14        -14          1          1          1
       904        -11        -13        -25          1          1          1
       905        -11        -13        -24          1          1          1
       906        -11        -13        -23          1          1          1
       907        -11        -13        -13          1          1          1
       908        -11        -13         -1          1          1          1
       909        -11        -13          0          1          1          1
       910        -11        -12        -25          1          1          1
       911        -11        -12        -24          1          1          1
       912        -11        -12        -14          1          1          1
       913        -11        -12        -13          1          1          1
       914        -11        -12         -2          1          1          1
       915        -11        -12         -1          1          1          1
       916        -11        -12          0          1          1          1
       917        -11        -12          4          1          1          1
       918        -11        -11        -25          1          1          1
       919        -11        -11        -24          1          1          1
       920        -11        -11         -1          1          1          1
       921        -11        -11          0          1          1          1
       922        -11        -11          3          1          1          1
       923        -11        -11          4          1          1          1
       924        -11        -11          5          1          1          1
       925        -11        -10        -28          1          1          1
       926        -11        -10        -27          1          1          1
       927        -11        -10        -25          1          1          1
       928        -11        -10        -24          1          1          1
       929        -11        -10          3          1          1          1
       930        -11        -10          4          1          1          1
       931        -11        -10          5          1          1          1
       932        -11        -10         10          1          1          1
       933        -11        -10         11          1          1          1
       934        -11         -9        -28          1          1          1
       935        -11         -9        -27          1          1          1
       936        -11         -9        -24          1          1          1
       937        -11         -9          6          1          1          1
       938        -11         -9          7          1          1          1
       939        -11         -9          9          1          1          1
       940        -11         -9         10          1          1          1
       941        -11         -9         11          1          1          1
       942        -11         -8          7          1          1          1
       943        -11         -8         10          1          1          1
       944        -11         -8         11          1          1          1
       945        -11         -2         -6          1          1          1
       946        -11         -1         -7          1          1          1
       947        -11         -1         -6          1          1          1
       948        -11          0         -7          1          1          1
       949        -11          0         -6          1          1          1
       950        -10        -13        -25          1          1          1
       951        -10        -13        -24          1          1          1
       952        -10        -13        -23          1          1          1
       953        -10        -13        -22          1          1          1
       954        -10        -13        -21          1          1          1
       955        -10        -12        -25          1          1          1
       956        -10        -12        -24          1          1          1
       957        -10        -12        -23          1          1          1
       958        -10        -12        -22          1          1          1
       959        -10        -12         -1          1          1          1
       960        -10        -12          0          1          1          1
       961        -10        -11        -26          1          1          1
       962        -10        -11        -25          1          1          1
       963        -10        -11        -24          1          1          1
       964        -10        -11          4          1          1          1
       965        -10        -10        -29          1          1          1
       966        -10        -10        -28          1          1          1
       967        -10        -10        -27          1          1          1
       968        -10        -10        -26          1          1          1
       969        -10        -10        -25          1          1          1
       970        -10        -10        -24          1          1          1
       971        -10        -10          4          1          1          1
       972        -10        -10          7          1          1          1
       973        -10        -10         10          1          1          1
       974        -10         -9        -28          1          1          1
       975        -10         -9        -27          1          1          1
       976        -10         -9        -25          1          1          1
       977        -10         -9        -24          1          1          1
       978        -10         -9          6          1          1          1
       979        -10         -9          7          1          1          1
       980        -10         -9          8          1          1          1
       981        -10         -9         10          1          1          1
       982        -10         -9         11          1          1          1
       983        -10         -8        -29          1          1          1
       984        -10         -8        -28          1          1          1
       985        -10         -8        -25          1          1          1
       986        -10         -8        -24          1          1          1
       987        -10         -8          6          1          1          1
       988        -10         -8          7          1          1          1
       989        -10         -8         10          1          1          1
       990        -10         -7        -29          1          1          1
       991        -10         -7        -28          1          1          1
       992        -10         -6        -27          1          1          1
       993        -10         -6        -26          1          1          1
       994        -10         -1         -6          1          1          1
       995         -9        -14        -22          1          1          1
       996         -9        -14        -21          1          1          1
       997         -9        -14        -20          1          1          1
       998         -9        -14        -19          1          1          1
       999         -9        -13        -23          1          1          1
      1000         -9        -13        -22          1          1          1
      1001         -9        -13        -21          1          1          1
      1002         -9        -13        -20          1          1          1
      1003         -9        -13        -19          1          1          1
      1004         -9        -12        -23          1          1          1
      1005         -9        -12        -22          1          1          1
      1006         -9        -12        -21          1          1          1
      1007         -9        -11        -25          1          1          1
      1008         -9        -10        -28          1          1          1
      1009         -9        -10        -27          1          1          1
      1010         -9        -10        -26          1          1          1
      1011         -9        -10        -25          1          1          1
      1012         -9        -10        -24          1          1          1
      1013         -9         -9        -28          1          1          1
      1014         -9         -9        -27          1          1          1
      1015         -9         -9        -25          1          1          1
      1016         -9         -9        -24          1          1          1
      1017         -9         -8        -30          1          1          1
      1018         -9         -8        -29          1          1          1
      1019         -9         -8        -28          1          1          1
      1020         -9         -8        -25          1          1          1
      1021         -9         -8        -24          1          1          1
      1022         -9         -8        -23          1          1          1
      1023         -9         -7        -30          1          1          1
      1024         -9         -7        -29          1          1          1
      1025         -9         -7        -28          1          1          1
      1026         -9         -7        -27          1          1          1
      1027         -9         -7        -26          1          1          1
      1028         -9         -7        -25          1          1          1
      1029         -9         -6        -29          1          1          1
      1030         -9         -6        -28          1          1          1
      1031         -9         -6        -27          1          1          1
      1032         -9         -6        -26          1          1          1
      1033         -9         -6        -25          1          1          1
      1034         -9         -5        -27          1          1          1
      1035         -9         -5        -26          1          1          1
      1036         -8        -15        -22          1          1          1
      1037         -8        -15        -21          1          1          1
      1038         -8        -15        -20          1          1          1
      1039         -8        -14        -22          1          1          1
      1040         -8        -14        -21          1          1          1
      1041         -8        -14        -20          1          1          1
      1042         -8        -14        -19          1          1          1
      1043         -8        -13        -21          1          1          1
      1044         -8        -13        -20          1          1          1
      1045         -8        -13        -19          1          1          1
      1046         -8        -12        -20          1          1          1
      1047         -8         -9        -24          1          1          1
      1048         -8         -8        -29          1          1          1
      1049         -8         -8        -25          1          1          1
      1050         -8         -8        -24          1          1          1
      1051         -8         -8          3          1          1          1
      1052         -8         -7        -29          1          1          1
      1053         -8         -7        -28          1          1          1
      1054         -8         -7          3          1          1          1
      1055         -8         -6        -27          1          1          1
      1056         -8         -6        -26          1          1          1
      1057         -8         -5        -27          1          1          1
      1058         -8         -5        -26          1          1          1
      1059         -7        -16        -21          1          1          1
      1060         -7        -16        -20          1          1          1
      1061         -7        -15        -22          1          1          1
      1062         -7        -15        -21          1          1          1
      1063         -7        -15        -20          1          1          1
      1064         -7        -14        -22          1          1          1
      1065         -7        -14        -21          1          1          1
      1066         -7        -14        -20          1          1          1
      1067         -7        -13        -20          1          1          1
      1068         -7         -9          3          1          1          1
      1069         -7         -9          4          1          1          1
      1070         -7         -8          2          1          1          1
      1071         -7         -8          3          1          1          1
      1072         -7         -8          4          1          1          1
      1073         -7         -7          3          1          1          1
      1074         -7         -7          4          1          1          1
      1075         -6        -16        -21          1          1          1
      1076         -6        -16        -20          1          1          1
      1077         -6        -15        -21          1          1          1
      1078         -6        -15        -20          1          1          1
      1079         -6        -14        -21          1          1          1
      1080         -6         -9          3          1          1          1
      1081         -6         -9          4          1          1          1
      1082         -6         -8          3          1          1          1
      1083         -6         -8          4          1          1          1
      1084         -6         -7          3          1          1          1
      1085         -6         -7          4          1          1          1
    
